"x"
1
2
3
4
5
6
7
8
9
10
11
12
13
14
15
16
17
18
19
20
21
22
23
24
25
26
27
28
29
30
31
32
33
34
35
36
37
38
39
40
41
42
43
44
45
46
47
48
49
50
51
52
53
54
55
56
57
59
60
61
62
63
64
65
66
67
68
69
70
71
72
73
74
75
76
77
78
79
80
81
82
83
84
85
86
88
89
90
91
92
93
94
95
96
97
98
99
100
101
102
104
105
106
107
108
109
110
111
112
113
114
115
116
117
118
119
120
121
122
124
125
126
127
129
130
131
132
133
134
135
136
137
138
140
141
142
144
145
146
147
148
151
152
154
155
156
157
158
159
161
162
163
164
165
166
168
169
172
173
174
175
176
177
179
180
181
182
183
184
185
186
187
188
189
192
193
196
197
198
200
201
203
205
206
207
209
210
211
212
214
215
217
218
219
220
221
222
223
224
227
228
229
230
231
232
234
235
236
237
238
239
240
241
242
243
245
246
248
249
250
251
252
253
254
255
256
257
258
259
262
263
264
265
267
268
270
271
273
274
275
276
277
278
279
280
281
283
284
287
288
289
290
291
292
293
294
295
296
301
302
303
304
305
306
307
308
309
310
311
312
313
314
316
317
319
320
322
323
324
325
326
328
329
330
332
333
334
337
339
340
341
342
343
344
345
346
348
349
350
351
352
353
354
356
357
358
359
361
367
368
369
370
371
374
375
376
378
379
380
381
382
383
384
385
386
387
388
389
391
392
396
397
398
399
400
402
403
404
405
406
407
408
409
410
414
417
418
419
421
422
425
426
428
429
431
433
434
435
436
437
438
439
440
441
442
444
445
446
447
449
450
451
453
454
455
456
458
459
460
461
462
465
466
467
468
471
472
473
474
475
477
478
479
480
481
482
483
484
485
486
487
488
489
491
492
493
494
495
496
497
498
499
500
501
502
503
504
505
506
507
508
509
510
511
514
515
517
518
519
520
522
523
525
526
527
530
531
532
534
536
537
538
539
540
542
543
544
546
547
549
550
551
552
553
554
555
556
557
558
559
560
561
562
563
564
565
566
567
568
569
572
575
576
577
578
580
581
582
583
584
585
587
588
589
590
591
593
595
596
597
598
599
600
604
605
606
607
608
609
611
613
616
617
618
619
621
623
626
627
628
629
630
631
632
634
635
638
639
642
643
644
645
647
649
650
651
654
655
657
658
661
662
663
664
665
666
667
668
670
671
672
674
677
678
679
680
682
683
684
686
688
691
692
693
694
695
696
698
700
701
702
703
704
705
707
708
709
711
713
714
717
718
719
720
721
722
723
724
725
727
728
729
731
733
734
736
737
740
741
742
744
746
747
748
750
752
753
754
755
758
759
760
762
764
765
767
768
769
770
771
774
775
777
778
779
780
781
782
783
784
785
787
791
793
794
796
799
800
801
803
807
808
809
811
812
815
816
817
818
819
821
823
825
826
827
829
831
832
834
835
836
838
839
841
843
844
845
846
848
849
850
852
853
854
855
859
860
861
862
864
865
866
868
869
870
871
872
873
874
875
877
879
880
881
883
884
885
886
887
888
889
890
892
893
894
896
897
899
900
902
905
906
908
909
910
912
913
914
916
917
918
919
920
921
922
924
925
926
928
931
932
935
936
937
941
944
945
946
947
948
949
951
954
955
956
957
960
961
962
963
964
965
966
967
968
969
972
974
976
977
978
980
981
982
983
984
986
987
989
990
992
993
994
995
996
997
999
1001
1003
1004
1005
1008
1009
1010
1012
1014
1017
1018
1019
1020
1025
1027
1031
1032
1033
1034
1035
1036
1037
1038
1039
1040
1043
1046
1048
1049
1050
1051
1052
1053
1054
1055
1056
1057
1059
1060
1061
1062
1063
1064
1065
1067
1068
1070
1071
1072
1073
1074
1075
1076
1078
1079
1080
1081
1082
1083
1084
1085
1086
1087
1089
1090
1091
1092
1093
1095
1097
1099
1102
1103
1105
1108
1110
1111
1115
1116
1117
1119
1120
1121
1122
1123
1124
1125
1127
1128
1132
1133
1135
1137
1138
1139
1140
1141
1142
1143
1145
1147
1148
1149
1151
1153
1155
1158
1161
1163
1165
1167
1168
1169
1170
1171
1172
1173
1175
1176
1178
1179
1180
1181
1182
1183
1184
1185
1186
1187
1188
1190
1191
1192
1193
1194
1195
1197
1198
1199
1200
1201
1203
1208
1209
1210
1211
1213
1214
1215
1218
1219
1220
1221
1222
1223
1225
1226
1228
1229
1231
1232
1233
1235
1236
1237
1239
1240
1242
1244
1246
1248
1249
1250
1252
1254
1256
1257
1260
1261
1262
1263
1264
1266
1267
1270
1271
1272
1273
1274
1275
1276
1277
1278
1279
1281
1282
1284
1285
1286
1287
1288
1289
1291
1292
1293
1294
1295
1296
1297
1298
1299
1300
1303
1304
1305
1306
1307
1308
1310
1311
1312
1314
1315
1316
1317
1318
1320
1321
1324
1325
1326
1327
1328
1332
1338
1340
1341
1342
1343
1344
1345
1346
1347
1348
1349
1350
1351
1353
1354
1355
1356
1358
1359
1360
1361
1364
1365
1366
1367
1370
1371
1373
1374
1375
1376
1378
1379
1380
1381
1382
1383
1386
1387
1388
1389
1391
1392
1394
1395
1396
1398
1399
1402
1404
1406
1410
1412
1413
1415
1416
1417
1418
1419
1420
1421
1422
1423
1424
1425
1426
1427
1428
1429
1431
1432
1433
1434
1435
1436
1437
1439
1441
1443
1444
1446
1450
1451
1452
1453
1455
1457
1459
1461
1462
1463
1464
1465
1468
1470
1471
1473
1474
1475
1477
1478
1479
1480
1481
1482
1483
1484
1485
1486
1487
1489
1491
1492
1494
1496
1498
1499
1501
1504
1505
1511
1513
1514
1516
1518
1519
1520
1521
1522
1523
1525
1526
1529
1530
1532
1533
1534
1535
1536
1537
1539
1543
1544
1546
1548
1550
1551
1552
1554
1555
1556
1557
1559
1560
1562
1565
1566
1567
1568
1570
1573
1574
1575
1577
1581
1582
1583
1584
1585
1586
1588
1589
1591
1592
1593
1594
1595
1596
1597
1598
1599
1602
1603
1604
1605
1606
1607
1608
1609
1611
1612
1613
1614
1615
1616
1619
1620
1621
1622
1624
1627
1629
1631
1635
1636
1638
1641
1642
1644
1645
1649
1651
1652
1654
1655
1656
1657
1658
1661
1664
1666
1668
1669
1671
1672
1674
1675
1678
1679
1681
1682
1683
1684
1685
1686
1687
1688
1690
1691
1693
1694
1695
1696
1698
1699
1702
1703
1704
1705
1707
1708
1709
1710
1711
1712
1713
1714
1716
1717
1719
1720
1721
1722
1725
1726
1727
1728
1729
1730
1731
1732
1734
1736
1737
1738
1739
1740
1742
1743
1745
1746
1747
1749
1751
1753
1756
1757
1758
1759
1761
1762
1764
1765
1767
1768
1769
1771
1772
1773
1774
1775
1777
1779
1780
1781
1783
1784
1788
1789
1791
1793
1794
1795
1796
1797
1800
1801
1802
1805
1806
1807
1809
1810
1813
1815
1818
1820
1822
1824
1825
1826
1828
1829
1830
1831
1833
1834
1835
1837
1838
1839
1842
1843
1844
1845
1847
1848
1849
1850
1853
1854
1856
1857
1859
1860
1861
1862
1863
1864
1865
1867
1869
1870
1871
1872
1873
1874
1876
1877
1878
1883
1886
1888
1889
1890
1892
1894
1895
1896
1900
1902
1903
1904
1908
1909
1910
1911
1912
1913
1914
1916
1917
1918
1919
1920
1922
1923
1924
1925
1926
1928
1932
1933
1934
1936
1937
1938
1940
1942
1943
1944
1946
1949
1950
1952
1953
1955
1956
1958
1959
1960
1964
1968
1969
1971
1972
1973
1974
1975
1976
1977
1978
1979
1981
1982
1983
1985
1987
1988
1989
1990
1992
1993
1995
1997
1998
1999
2001
2002
2003
2004
2007
2009
2012
2013
2014
2015
2016
2017
2018
2021
2022
2023
2024
2025
2026
2027
2028
2030
2031
2032
2033
2034
2036
2038
2040
2041
2042
2043
2047
2050
2051
2052
2056
2058
2059
2060
2061
2062
2064
2066
2067
2069
2071
2072
2073
2074
2075
2077
2078
2079
2080
2082
2083
2085
2087
2089
2090
2093
2094
2097
2098
2100
2102
2103
2105
2106
2107
2108
2112
2113
2114
2116
2118
2119
2120
2125
2127
2128
2129
2130
2131
2132
2133
2134
2137
2141
2142
2144
2145
2147
2149
2150
2151
2152
2153
2155
2157
2158
2160
2161
2162
2163
2164
2165
2166
2167
2168
2171
2172
2173
2176
2177
2178
2179
2180
2182
2183
2184
2185
2186
2190
2191
2192
2193
2194
2195
2196
2197
2198
2201
2206
2207
2208
2209
2211
2212
2213
2214
2216
2218
2219
2221
2223
2224
2225
2226
2227
2232
2234
2235
2236
2240
2241
2242
2244
2247
2248
2249
2251
2256
2257
2258
2259
2260
2261
2264
2266
2267
2269
2272
2273
2274
2276
2277
2278
2279
2280
2281
2283
2285
2286
2287
2289
2290
2291
2292
2293
2294
2295
2297
2299
2301
2302
2304
2305
2307
2308
2313
2315
2316
2318
2319
2320
2323
2324
2325
2327
2329
2330
2331
2333
2334
2336
2337
2339
2341
2342
2343
2344
2345
2346
2348
2349
2350
2351
2352
2353
2354
2356
2357
2358
2360
2361
2362
2365
2366
2367
2368
2371
2374
2375
2376
2377
2379
2381
2383
2384
2385
2386
2388
2389
2390
2391
2392
2393
2395
2398
2399
2401
2403
2404
2405
2407
2409
2410
2411
2412
2413
2414
2417
2418
2420
2421
2423
2425
2426
2430
2431
2432
2434
2436
2437
2438
2439
2440
2441
2442
2443
2445
2449
2450
2451
2453
2456
2457
2459
2460
2461
2462
2463
2464
2466
2467
2468
2469
2470
2471
2473
2474
2475
2476
2477
2478
2479
2482
2483
2484
2487
2488
2489
2490
2491
2492
2493
2494
2495
2496
2497
2500
2501
2503
2505
2506
2507
2508
2513
2514
2515
2520
2522
2526
2528
2530
2531
2532
2533
2534
2535
2538
2539
2541
2542
2543
2545
2547
2551
2552
2553
2559
2560
2561
2562
2566
2567
2568
2570
2571
2572
2574
2577
2578
2579
2584
2586
2588
2591
2593
2594
2595
2597
2598
2599
2600
2601
2602
2604
2605
2612
2615
2616
2617
2618
2620
2621
2622
2625
2626
2627
2628
2631
2632
2634
2635
2636
2638
2640
2641
2642
2644
2645
2647
2648
2649
2655
2656
2659
2662
2663
2664
2665
2666
2667
2668
2671
2672
2676
2677
2678
2679
2680
2681
2685
2686
2687
2688
2689
2690
2691
2693
2694
2695
2699
2702
2703
2704
2705
2707
2711
2712
2714
2715
2718
2719
2721
2725
2727
2728
2729
2730
2731
2732
2734
2735
2737
2738
2740
2741
2742
2744
2746
2747
2748
2749
2751
2752
2753
2754
2755
2757
2760
2762
2764
2765
2767
2768
2769
2770
2772
2775
2776
2778
2781
2782
2783
2784
2785
2788
2789
2791
2792
2793
2796
2798
2799
2800
2801
2802
2803
2805
2806
2809
2810
2811
2813
2814
2815
2817
2818
2819
2820
2821
2822
2823
2824
2825
2826
2830
2833
2834
2836
2838
2839
2842
2843
2845
2846
2847
2849
2850
2851
2852
2853
2854
2856
2857
2858
2859
2862
2866
2868
2870
2871
2874
2875
2877
2878
2880
2881
2882
2883
2884
2886
2887
2889
2893
2894
2895
2897
2898
2899
2900
2901
2904
2905
2906
2907
2908
2909
2910
2914
2915
2916
2917
2918
2920
2921
2923
2924
2925
2926
2928
2929
2931
2932
2933
2934
2935
2936
2937
2938
2939
2940
2941
2943
2944
2946
2948
2949
2952
2953
2954
2955
2957
2958
2960
2961
2962
2963
2964
2966
2968
2969
2970
2971
2975
2976
2977
2980
2981
2983
2984
2986
2987
2988
2989
2990
2991
2993
2994
2995
2996
2997
2998
2999
3000
3003
3006
3007
3008
3009
3014
3015
3017
3019
3020
3021
3022
3025
3026
3028
3029
3030
3032
3033
3036
3039
3040
3041
3042
3043
3044
3046
3047
3049
3050
3051
3052
3053
3054
3056
3057
3058
3060
3062
3063
3064
3065
3066
3067
3068
3070
3071
3072
3073
3074
3076
3077
3078
3079
3080
3081
3082
3083
3084
3085
3086
3087
3088
3089
3090
3091
3092
3093
3095
3096
3097
3098
3100
3101
3102
3103
3105
3106
3108
3109
3110
3112
3113
3115
3116
3117
3119
3121
3123
3124
3125
3126
3128
3131
3132
3133
3134
3135
3136
3139
3140
3143
3144
3145
3147
3148
3149
3153
3154
3156
3157
3158
3159
3160
3161
3162
3163
3164
3165
3166
3167
3168
3169
3170
3172
3173
3176
3177
3178
3180
3181
3182
3184
3185
3186
3187
3188
3189
3191
3194
3195
3198
3200
3201
3202
3203
3204
3206
3207
3210
3211
3212
3213
3214
3215
3216
3218
3219
3220
3221
3222
3223
3225
3227
3228
3229
3230
3231
3232
3233
3235
3236
3237
3238
3239
3242
3243
3244
3246
3248
3249
3251
3253
3254
3256
3257
3258
3261
3262
3263
3264
3267
3269
3270
3272
3273
3275
3277
3278
3279
3280
3281
3282
3283
3284
3285
3286
3288
3290
3292
3294
3295
3296
3298
3300
3301
3303
3305
3306
3307
3308
3309
3310
3311
3312
3316
3317
3318
3319
3320
3321
3322
3323
3324
3325
3326
3327
3328
3329
3330
3332
3334
3335
3336
3338
3339
3342
3343
3345
3347
3348
3349
3350
3351
3352
3353
3354
3355
3356
3357
3360
3362
3363
3364
3365
3366
3369
3370
3371
3373
3375
3376
3377
3379
3380
3381
3382
3383
3384
3385
3386
3388
3390
3392
3394
3397
3398
3399
3400
3401
3403
3404
3406
3407
3408
3409
3410
3411
3413
3414
3415
3416
3417
3419
3421
3422
3423
3424
3425
3428
3429
3430
3431
3432
3434
3435
3436
3438
3439
3442
3443
3444
3445
3446
3450
3451
3452
3453
3454
3455
3458
3459
3461
3463
3466
3469
3471
3472
3473
3474
3475
3476
3477
3478
3479
3481
3482
3483
3484
3486
3487
3489
3490
3491
3492
3493
3494
3496
3497
3498
3499
3501
3503
3504
3505
3506
3508
3509
3510
3511
3512
3513
3514
3516
3517
3519
3520
3521
3522
3526
3527
3529
3530
3531
3532
3533
3534
3535
3537
3539
3541
3542
3544
3545
3546
3547
3548
3549
3550
3551
3552
3553
3554
3555
3556
3557
3558
3560
3561
3562
3563
3564
3565
3566
3567
3568
3569
3570
3571
3572
3573
3575
3578
3579
3580
3581
3582
3583
3584
3585
3587
3589
3590
3591
3595
3597
3600
3601
3602
3603
3604
3605
3606
3607
3608
3609
3610
3611
3612
3613
3614
3616
3617
3618
3619
3620
3621
3623
3624
3625
3628
3629
3632
3633
3634
3635
3639
3640
3641
3645
3647
3648
3649
3650
3651
3653
3654
3655
3656
3657
3658
3659
3660
3662
3663
3664
3665
3668
3669
3670
3671
3672
3673
3675
3677
3679
3680
3681
3683
3685
3686
3687
3688
3689
3691
3692
3694
3695
3696
3697
3698
3699
3700
3701
3703
3704
3705
3707
3709
3710
3712
3714
3715
3717
3718
3721
3722
3723
3724
3725
3726
3727
3728
3730
3731
3732
3734
3736
3738
3740
3741
3745
3746
3747
3748
3750
3751
3752
3756
3757
3758
3759
3760
3761
3762
3763
3765
3766
3768
3769
3770
3772
3773
3775
3776
3777
3778
3780
3782
3783
3784
3786
3788
3789
3790
3791
3793
3795
3796
3799
3801
3803
3804
3805
3807
3810
3812
3813
3815
3817
3819
3820
3821
3822
3823
3824
3826
3829
3830
3831
3834
3835
3836
3839
3840
3841
3843
3845
3847
3848
3852
3853
3859
3861
3862
3863
3867
3871
3873
3874
3876
3877
3878
3879
3881
3882
3883
3884
3887
3888
3889
3891
3892
3894
3896
3897
3898
3899
3900
3901
3902
3905
3906
3907
3908
3909
3911
3912
3914
3915
3916
3917
3919
3921
3922
3924
3927
3928
3932
3933
3934
3935
3936
3937
3940
3942
3943
3944
3945
3946
3947
3948
3950
3951
3953
3954
3956
3958
3959
3960
3961
3963
3964
3967
3970
3971
3972
3973
3974
3975
3978
3979
3980
3981
3982
3983
3984
3988
3989
3990
3991
3992
3994
3996
3997
4001
4004
4005
4006
4009
4012
4013
4014
4015
4018
4019
4020
4021
4022
4023
4025
4027
4028
4029
4031
4033
4034
4035
4037
4038
4039
4041
4044
4045
4046
4048
4049
4051
4052
4054
4055
4057
4058
4059
4060
4061
4062
4063
4065
4066
4067
4068
4069
4070
4073
4074
4075
4077
4078
4079
4080
4081
4086
4087
4088
4090
4091
4092
4093
4094
4098
4099
4100
4103
4104
4106
4107
4108
4109
4110
4111
4112
4113
4115
4116
4118
4119
4121
4123
4127
4128
4131
4133
4134
4135
4139
4140
4141
4142
4143
4144
4145
4146
4147
4149
4150
4151
4152
4154
4155
4156
4157
4161
4164
4166
4167
4168
4169
4170
4171
4172
4173
4174
4175
4176
4178
4184
4185
4188
4190
4191
4194
4197
4198
4199
4200
4201
4202
4203
4204
4205
4206
4207
4208
4209
4210
4212
4213
4215
4216
4217
4218
4219
4220
4222
4223
4225
4226
4227
4228
4229
4231
4233
4234
4235
4237
4238
4239
4240
4241
4242
4244
4245
4247
4250
4251
4252
4254
4255
4257
4258
4259
4260
4262
4263
4264
4265
4266
4267
4268
4272
4273
4274
4276
4277
4278
4279
4281
4283
4284
4285
4290
4293
4294
4296
4297
4298
4299
4300
4301
4302
4304
4305
4306
4307
4309
4311
4312
4316
4318
4320
4323
4324
4327
4328
4329
4330
4332
4334
4335
4336
4337
4338
4340
4342
4343
4345
4346
4347
4348
4349
4350
4351
4352
4353
4354
4356
4357
4358
4359
4360
4363
4364
4366
4367
4368
4370
4372
4373
4375
4377
4380
4381
4382
4383
4384
4385
4386
4387
4388
4389
4390
4391
4392
4394
4402
4403
4405
4407
4408
4410
4411
4413
4414
4415
4418
4419
4420
4421
4422
4423
4424
4425
4428
4431
4432
4433
4437
4438
4439
4440
4442
4444
4446
4448
4450
4451
4452
4454
4455
4457
4458
4459
4460
4461
4462
4463
4464
4465
4466
4467
4468
4469
4470
4472
4475
4477
4479
4480
4481
4482
4485
4489
4490
4491
4493
4494
4496
4498
4499
4500
4502
4503
4504
4505
4506
4507
4508
4510
4512
4516
4517
4518
4519
4520
4521
4522
4523
4525
4527
4528
4529
4532
4536
4538
4541
4542
4543
4544
4545
4549
4550
4551
4552
4554
4555
4556
4557
4558
4559
4560
4561
4562
4564
4566
4567
4568
4569
4571
4572
4573
4574
4575
4578
4579
4580
4581
4582
4583
4584
4585
4587
4588
4590
4591
4592
4594
4598
4600
4601
4603
4604
4606
4607
4608
4609
4610
4613
4614
4615
4618
4621
4623
4624
4625
4626
4627
4628
4629
4630
4634
4637
4638
4639
4640
4642
4644
4651
4652
4656
4657
4658
4659
4660
4661
4663
4668
4670
4671
4672
4673
4674
4675
4677
4678
4681
4683
4684
4685
4686
4688
4689
4694
4695
4697
4698
4699
4701
4702
4703
4705
4708
4711
4712
4713
4714
4715
4716
4717
4718
4719
4721
4723
4724
4725
4726
4727
4728
4731
4736
4737
4738
4740
4742
4743
4745
4746
4749
4750
4751
4752
4754
4755
4756
4759
4760
4761
4762
4763
4765
4768
4769
4770
4772
4773
4775
4777
4778
4781
4782
4783
4784
4785
4786
4787
4789
4790
4793
4794
4795
4796
4797
4798
4799
4801
4802
4804
4806
4807
4809
4810
4811
4812
4813
4814
4817
4818
4819
4820
4821
4823
4827
4828
4829
4830
4832
4834
4835
4837
4838
4840
4841
4842
4843
4844
4845
4846
4847
4848
4849
4850
4851
4853
4854
4857
4858
4859
4860
4862
4863
4865
4866
4867
4870
4871
4872
4873
4877
4880
4881
4883
4884
4885
4887
4888
4890
4892
4896
4897
4898
4899
4900
4901
4902
4904
4906
4907
4908
4909
4910
4911
4912
4913
4914
4915
4917
4918
4919
4920
4921
4922
4923
4925
4926
4930
4931
4932
4933
4934
4936
4938
4939
4940
4941
4949
4951
4952
4955
4956
4957
4958
4959
4961
4963
4964
4965
4966
4968
4969
4970
4971
4972
4973
4975
4976
4977
4979
4981
4982
4983
4989
4990
4991
4992
4993
4994
4995
4996
4997
4998
5000
5002
5004
5006
5007
5009
5010
5012
5013
5015
5016
5017
5018
5019
5020
5022
5024
5025
5026
5027
5028
5030
5032
5034
5035
5036
5038
5039
5040
5041
5042
5044
5046
5047
5048
5049
5050
5051
5052
5054
5055
5062
5063
5064
5066
5067
5071
5072
5073
5074
5076
5077
5078
5079
5081
5083
5084
5086
5087
5089
5090
5091
5092
5093
5097
5098
5099
5100
5102
5103
5105
5108
5109
5110
5112
5113
5115
5118
5120
5121
5122
5129
5130
5132
5133
5134
5135
5136
5138
5139
5140
5141
5143
5144
5145
5147
5148
5149
5150
5151
5153
5154
5156
5157
5158
5161
5163
5165
5167
5168
5171
5172
5173
5174
5176
5178
5180
5182
5183
5184
5185
5187
5188
5191
5193
5194
5196
5197
5198
5200
5203
5205
5206
5207
5208
5212
5213
5214
5216
5218
5219
5220
5221
5223
5224
5227
5228
5229
5230
5232
5234
5236
5238
5239
5240
5242
5243
5244
5247
5248
5249
5250
5252
5254
5257
5260
5262
5263
5265
5268
5269
5270
5271
5272
5273
5274
5276
5277
5278
5279
5281
5282
5283
5284
5285
5286
5287
5288
5290
5293
5295
5296
5297
5298
5299
5300
5301
5303
5304
5305
5307
5309
5310
5311
5312
5314
5315
5316
5317
5318
5319
5321
5322
5323
5331
5336
5337
5339
5340
5341
5344
5346
5348
5351
5355
5356
5357
5358
5359
5360
5362
5363
5364
5365
5368
5370
5371
5372
5373
5375
5376
5377
5378
5380
5384
5385
5386
5387
5389
5390
5391
5392
5393
5395
5396
5397
5398
5399
5400
5401
5402
5403
5404
5405
5406
5410
5411
5412
5414
5417
5418
5419
5421
5423
5425
5426
5427
5428
5432
5435
5436
5437
5439
5440
5443
5447
5448
5449
5450
5451
5452
5453
5456
5461
5462
5463
5465
5466
5467
5469
5471
5472
5473
5474
5475
5476
5479
5481
5482
5483
5484
5487
5489
5490
5491
5492
5494
5496
5498
5499
5500
5503
5504
5507
5510
5511
5512
5513
5515
5516
5517
5519
5520
5521
5522
5523
5524
5526
5527
5528
5529
5530
5531
5532
5535
5536
5537
5538
5541
5543
5545
5546
5547
5549
5550
5552
5554
5557
5558
5561
5565
5566
5568
5570
5571
5572
5574
5575
5576
5579
5580
5582
5584
5585
5588
5589
5590
5592
5594
5596
5597
5598
5602
5603
5604
5605
5606
5610
5611
5613
5614
5615
5617
5619
5622
5624
5630
5631
5632
5633
5637
5638
5640
5641
5642
5643
5644
5645
5647
5649
5651
5652
5655
5656
5657
5660
5661
5662
5663
5665
5667
5670
5672
5673
5676
5678
5679
5680
5681
5683
5684
5686
5689
5690
5693
5695
5699
5701
5702
5703
5705
5707
5708
5711
5712
5713
5714
5715
5716
5719
5720
5721
5722
5723
5724
5725
5726
5727
5728
5730
5731
5732
5734
5736
5737
5738
5741
5742
5743
5744
5745
5746
5748
5750
5753
5757
5759
5760
5763
5764
5765
5767
5769
5770
5771
5772
5775
5776
5777
5778
5779
5781
5782
5783
5784
5785
5786
5787
5789
5790
5791
5792
5793
5794
5795
5796
5798
5799
5800
5802
5803
5805
5806
5807
5809
5810
5811
5812
5816
5819
5820
5823
5824
5825
5828
5830
5831
5832
5833
5835
5836
5838
5839
5840
5841
5842
5843
5844
5845
5846
5847
5848
5849
5850
5851
5852
5854
5856
5857
5859
5860
5861
5865
5866
5867
5868
5870
5871
5872
5873
5874
5875
5876
5878
5879
5880
5881
5883
5884
5885
5886
5887
5888
5890
5891
5892
5893
5896
5897
5898
5899
5902
5903
5904
5905
5907
5909
5910
5911
5912
5914
5915
5918
5920
5921
5922
5927
5928
5929
5930
5931
5932
5933
5934
5935
5937
5938
5939
5940
5941
5942
5943
5944
5948
5951
5952
5954
5955
5957
5961
5965
5966
5967
5969
5970
5971
5972
5973
5974
5975
5976
5977
5979
5980
5983
5984
5988
5990
5991
5992
5993
5994
5995
5997
5998
5999
6001
6002
6004
6005
6006
6007
6008
6011
6014
6016
6019
6020
6021
6022
6024
6025
6026
6028
6029
6030
6031
6032
6033
6034
6035
6036
6037
6038
6039
6040
6041
6045
6046
6048
6049
6050
6051
6052
6053
6055
6057
6059
6060
6061
6062
6063
6067
6068
6069
6070
6072
6073
6075
6078
6079
6080
6082
6084
6085
6086
6087
6088
6089
6090
6092
6093
6095
6096
6097
6098
6100
6101
6103
6104
6106
6107
6109
6111
6112
6113
6114
6117
6118
6120
6122
6123
6124
6128
6130
6132
6134
6136
6137
6138
6139
6142
6143
6145
6146
6147
6148
6150
6155
6156
6157
6158
6160
6161
6162
6163
6164
6165
6166
6167
6169
6170
6171
6172
6173
6175
6178
6179
6180
6181
6183
6186
6187
6188
6191
6193
6194
6195
6197
6198
6202
6204
6206
6208
6211
6215
6216
6217
6221
6222
6224
6225
6226
6228
6229
6231
6232
6235
6236
6237
6238
6239
6240
6241
6243
6244
6245
6246
6247
6248
6249
6253
6254
6256
6257
6259
6260
6263
6264
6265
6266
6270
6271
6272
6273
6275
6277
6279
6280
6282
6283
6286
6287
6289
6290
6292
6293
6294
6295
6299
6300
6301
6302
6304
6305
6306
6307
6308
6309
6310
6311
6312
6314
6315
6316
6317
6321
6323
6324
6325
6326
6327
6328
6329
6332
6334
6336
6337
6341
6344
6345
6346
6347
6348
6350
6351
6354
6355
6356
6357
6359
6360
6361
6363
6364
6366
6368
6370
6371
6372
6374
6375
6376
6378
6379
6380
6383
6384
6385
6386
6387
6392
6393
6394
6397
6400
6402
6405
6406
6407
6408
6409
6410
6411
6413
6414
6416
6418
6419
6420
6421
6422
6424
6425
6426
6427
6428
6429
6430
6433
6434
6439
6440
6441
6443
6444
6445
6447
6448
6449
6450
6451
6452
6454
6458
6460
6462
6463
6464
6465
6468
6470
6471
6472
6473
6474
6476
6477
6478
6479
6480
6483
6484
6486
6487
6488
6490
6491
6492
6493
6494
6495
6496
6497
6498
6500
6502
6503
6504
6506
6508
6509
6510
6511
6512
6513
6515
6516
6517
6518
6520
6522
6524
6525
6526
6527
6528
6531
6533
6536
6537
6538
6539
6540
6541
6542
6545
6546
6549
6551
6552
6553
6554
6555
6556
6557
6558
6559
6560
6561
6562
6563
6565
6566
6568
6569
6570
6571
6572
6573
6574
6578
6581
6582
6583
6584
6585
6586
6588
6589
6590
6591
6593
6594
6595
6597
6599
6601
6602
6603
6604
6606
6608
6609
6611
6612
6614
6615
6617
6619
6621
6623
6624
6626
6627
6630
6631
6632
6635
6636
6638
6639
6641
6643
6646
6647
6648
6649
6650
6651
6652
6653
6655
6657
6658
6660
6663
6664
6665
6666
6668
6671
6672
6677
6678
6679
6680
6681
6682
6683
6684
6685
6686
6688
6690
6691
6692
6695
6697
6700
6701
6702
6704
6705
6707
6708
6711
6712
6713
6714
6715
6716
6718
6719
6722
6723
6725
6726
6727
6729
6730
6731
6732
6733
6735
6736
6737
6740
6741
6742
6744
6745
6748
6749
6750
6751
6753
6754
6755
6756
6758
6761
6764
6766
6768
6772
6773
6774
6775
6776
6777
6778
6780
6783
6785
6787
6788
6789
6790
6791
6792
6793
6794
6797
6798
6799
6800
6801
6802
6803
6804
6806
6807
6808
6809
6810
6812
6813
6814
6815
6816
6817
6818
6819
6821
6822
6824
6825
6826
6827
6829
6831
6833
6834
6835
6837
6838
6839
6843
6844
6845
6846
6849
6850
6852
6853
6856
6857
6858
6860
6862
6863
6864
6866
6867
6868
6870
6871
6872
6873
6875
6876
6877
6878
6879
6880
6882
6883
6884
6885
6887
6889
6890
6891
6892
6893
6894
6895
6896
6898
6900
6905
6906
6908
6909
6910
6911
6913
6920
6921
6922
6923
6924
6926
6927
6928
6929
6931
6932
6933
6934
6935
6936
6937
6938
6940
6942
6943
6944
6945
6947
6948
6949
6953
6954
6957
6958
6959
6960
6961
6962
6963
6964
6965
6967
6968
6969
6970
6973
6974
6976
6977
6978
6979
6980
6984
6985
6986
6987
6988
6989
6990
6991
6992
6993
6994
6995
6996
6997
7001
7004
7006
7007
7008
7010
7011
7012
7016
7017
7018
7020
7021
7024
7025
7026
7027
7028
7029
7031
7033
7036
7040
7041
7042
7044
7045
7046
7047
7049
7051
7052
7053
7054
7055
7056
7057
7058
7059
7062
7064
7066
7068
7071
7073
7074
7075
7076
7077
7079
7080
7081
7082
7086
7088
7090
7091
7092
7093
7094
7097
7099
7100
7101
7103
7104
7105
7106
7107
7108
7111
7112
7114
7117
7118
7120
7123
7124
7125
7127
7128
7129
7130
7131
7135
7138
7139
7140
7141
7145
7146
7148
7149
7150
7152
7153
7154
7155
7156
7157
7159
7161
7162
7163
7164
7165
7167
7168
7169
7170
7171
7172
7173
7174
7175
7176
7177
7178
7181
7183
7186
7187
7188
7190
7192
7194
7195
7196
7197
7198
7199
7200
7201
7202
7205
7206
7208
7209
7211
7214
7215
7216
7218
7219
7220
7221
7223
7224
7226
7227
7228
7229
7230
7232
7235
7236
7237
7238
7239
7240
7242
7243
7244
7245
7247
7248
7250
7251
7253
7254
7255
7256
7257
7258
7259
7260
7262
7263
7265
7267
7268
7269
7271
7272
7274
7279
7281
7282
7283
7284
7285
7287
7288
7290
7292
7293
7294
7295
7297
7299
7302
7303
7305
7306
7307
7308
7311
7314
7317
7318
7320
7322
7323
7324
7325
7326
7332
7333
7334
7335
7337
7339
7340
7341
7342
7345
7349
7350
7352
7353
7354
7357
7358
7359
7360
7361
7363
7364
7365
7366
7368
7369
7371
7374
7375
7377
7378
7379
7381
7382
7383
7384
7385
7388
7392
7393
7394
7395
7400
7401
7403
7404
7407
7408
7409
7410
7411
7413
7414
7415
7416
7417
7418
7419
7420
7422
7425
7427
7428
7429
7431
7433
7434
7437
7438
7439
7441
7443
7444
7445
7446
7447
7448
7449
7450
7451
7452
7453
7454
7455
7456
7459
7460
7461
7464
7465
7467
7468
7470
7471
7473
7474
7475
7476
7478
7479
7481
7483
7484
7487
7489
7490
7491
7493
7494
7496
7497
7500
7501
7502
7503
7504
7505
7506
7508
7509
7510
7511
7512
7513
7517
7518
7519
7520
7521
7524
7525
7531
7533
7536
7537
7538
7539
7540
7543
7545
7546
7547
7548
7550
7551
7552
7553
7554
7555
7556
7557
7559
7560
7562
7564
7565
7566
7568
7571
7575
7577
7579
7580
7581
7582
7584
7586
7588
7589
7591
7592
7593
7595
7596
7597
7598
7599
7600
7601
7602
7603
7604
7605
7606
7607
7609
7610
7612
7613
7615
7617
7618
7619
7623
7624
7625
7626
7628
7630
7632
7634
7635
7637
7638
7640
7642
7644
7645
7647
7650
7651
7652
7653
7654
7655
7657
7658
7659
7660
7661
7662
7664
7665
7667
7669
7670
7672
7673
7675
7676
7677
7678
7679
7680
7681
7682
7684
7685
7686
7687
7688
7689
7690
7691
7692
7693
7694
7695
7696
7697
7698
7700
7702
7703
7704
7705
7706
7708
7710
7711
7712
7714
7715
7717
7719
7721
7722
7725
7726
7727
7728
7730
7731
7732
7734
7736
7737
7738
7739
7740
7741
7742
7743
7744
7745
7746
7747
7748
7749
7750
7751
7752
7753
7754
7756
7757
7758
7759
7760
7761
7765
7767
7768
7769
7770
7771
7773
7774
7775
7776
7778
7779
7782
7783
7784
7785
7786
7787
7788
7790
7792
7793
7794
7795
7796
7797
7799
7800
7802
7805
7807
7808
7813
7814
7818
7822
7824
7828
7829
7830
7831
7832
7833
7834
7835
7836
7838
7839
7840
7841
7842
7844
7845
7846
7848
7849
7850
7851
7852
7853
7854
7855
7856
7857
7858
7860
7862
7863
7864
7865
7866
7867
7870
7871
7872
7873
7874
7876
7877
7878
7879
7882
7884
7885
7886
7887
7889
7891
7892
7893
7894
7895
7896
7897
7898
7899
7901
7902
7904
7906
7907
7908
7909
7910
7911
7913
7914
7915
7916
7917
7918
7919
7923
7926
7927
7928
7929
7930
7931
7933
7934
7936
7937
7938
7939
7942
7943
7944
7945
7947
7948
7951
7952
7953
7954
7955
7956
7957
7958
7959
7960
7961
7962
7963
7965
7966
7967
7969
7970
7971
7974
7976
7977
7978
7980
7981
7983
7984
7985
7986
7987
7989
7991
7993
7994
7995
7996
7997
7998
7999
8000
8001
8002
8003
8004
8008
8009
8012
8013
8014
8015
8016
8017
8018
8020
8021
8022
8023
8024
8026
8028
8029
8030
8031
8032
8033
8034
8035
8036
8037
8038
8042
8043
8044
8047
8048
8049
8050
8051
8052
8053
8054
8055
8056
8057
8058
8059
8060
8061
8064
8065
8066
8067
8069
8070
8072
8073
8074
8077
8078
8080
8081
8083
8084
8085
8087
8088
8089
8090
8092
8093
8094
8096
8097
8098
8099
8100
8101
8102
8105
8106
8107
8108
8109
8110
8111
8113
8114
8117
8118
8119
8120
8121
8123
8124
8126
8127
8128
8129
8135
8137
8138
8139
8140
8141
8143
8144
8146
8149
8150
8151
8155
8157
8159
8160
8161
8163
8164
8165
8167
8168
8170
8171
8172
8175
8176
8178
8179
8180
8182
8183
8184
8186
8190
8191
8192
8193
8194
8195
8196
8197
8198
8199
8200
8202
8203
8205
8206
8207
8208
8210
8211
8212
8213
8215
8216
8217
8218
8219
8220
8221
8223
8224
8225
8226
8227
8228
8230
8231
8232
8233
8234
8239
8241
8243
8244
8246
8247
8248
8249
8251
8252
8255
8256
8258
8259
8260
8261
8262
8263
8264
8265
8266
8267
8268
8269
8271
8272
8273
8274
8275
8276
8277
8278
8279
8280
8281
8283
8284
8285
8286
8287
8288
8291
8295
8296
8297
8298
8299
8302
8304
8305
8306
8307
8308
8309
8310
8311
8312
8313
8317
8318
8319
8320
8324
8326
8327
8328
8329
8331
8332
8335
8336
8338
8340
8341
8344
8346
8347
8348
8349
8350
8352
8353
8354
8357
8358
8359
8360
8362
8363
8365
8369
8370
8372
8373
8374
8375
8377
8380
8381
8382
8385
8386
8387
8388
8389
8391
8392
8394
8395
8396
8397
8398
8399
8403
8404
8405
8408
8409
8410
8411
8412
8413
8414
8415
8416
8418
8419
8421
8422
8423
8424
8425
8426
8428
8429
8430
8431
8432
8433
8434
8435
8437
8438
8439
8440
8441
8443
8444
8445
8446
8447
8449
8450
8451
8452
8457
8459
8460
8462
8464
8465
8466
8467
8468
8469
8470
8472
8473
8474
8475
8476
8478
8481
8482
8483
8484
8485
8487
8488
8489
8491
8492
8493
8494
8495
8496
8497
8498
8499
8500
8501
8502
8506
8507
8508
8509
8510
8511
8512
8513
8514
8516
8517
8518
8520
8521
8522
8523
8524
8526
8527
8528
8529
8530
8531
8532
8533
8534
8535
8536
8537
8538
8539
8541
8542
8543
8544
8545
8546
8547
8548
8549
8550
8551
8552
8554
8555
8557
8559
8560
8561
8562
8563
8565
8567
8568
8569
8570
8571
8572
8573
8574
8575
8576
8578
8579
8580
8581
8582
8583
8585
8586
8587
8589
8590
8592
8594
8595
8596
8597
8599
8600
8602
8603
8604
8606
8607
8608
8609
8610
8611
8612
8613
8615
8616
8617
8619
8620
8621
8622
8625
8626
8627
8628
8629
8632
8633
8635
8636
8637
8638
8639
8640
8641
8642
8643
8644
8645
8647
8648
8649
8650
8652
8653
8655
8656
8657
8658
8660
8661
8663
8664
8665
8666
8669
8671
8672
8674
8675
8676
8677
8678
8680
8681
8683
8684
8686
8687
8688
8691
8692
8693
8694
8695
8697
8700
8701
8703
8705
8706
8707
8709
8710
8711
8712
8713
8714
8715
8716
8717
8719
8721
8722
8723
8725
8726
8727
8728
8730
8731
8732
8733
8735
8736
8737
8738
8739
8740
8741
8742
8743
8745
8746
8747
8750
8751
8752
8753
8755
8756
8757
8758
8760
8762
8764
8765
8767
8768
8769
8770
8771
8772
8773
8774
8775
8776
8777
8778
8780
8781
8782
8783
8784
8787
8788
8789
8790
8791
8794
8795
8796
8798
8799
8801
8802
8803
8804
8805
8806
8807
8808
8809
8810
8811
8812
8813
8815
8816
8817
8818
8819
8821
8823
8824
8826
8827
8829
8830
8831
8832
8833
8834
8835
8836
8837
8838
8839
8840
8841
8842
8844
8845
8847
8849
8851
8852
8854
8855
8857
8858
8859
8860
8861
8863
8864
8867
8868
8870
8871
8874
8876
8878
8879
8880
8881
8882
8883
8884
8885
8886
8887
8889
8890
8891
8893
8894
8896
8897
8898
8899
8900
8904
8905
8907
8908
8909
8910
8911
8912
8913
8914
8916
8918
8919
8921
8922
8923
8925
8927
8928
8929
8930
8931
8933
8934
8935
8938
8939
8940
8942
8945
8946
8947
8948
8950
8951
8952
8953
8954
8955
8956
8958
8959
8960
8961
8962
8963
8964
8965
8966
8968
8969
8970
8972
8973
8974
8975
8976
8977
8978
8979
8980
8981
8984
8986
8987
8989
8990
8991
8992
8993
8995
8996
8997
8998
8999
9000
9003
9004
9005
9007
9008
9010
9012
9014
9016
9017
9019
9021
9022
9023
9024
9025
9026
9027
9028
9029
9030
9031
9033
9034
9035
9036
9038
9039
9041
9043
9044
9046
9047
9048
9049
9050
9052
9053
9054
9055
9056
9057
9059
9060
9061
9062
9063
9064
9065
9067
9068
9070
9071
9072
9073
9074
9076
9077
9079
9080
9083
9084
9085
9086
9088
9089
9091
9092
9094
9096
9098
9099
9101
9102
9103
9104
9107
9108
9109
9112
9115
9116
9117
9118
9119
9120
9121
9122
9123
9124
9125
9127
9128
9130
9131
9133
9134
9137
9138
9139
9141
9142
9143
9144
9145
9146
9148
9150
9151
9152
9153
9154
9155
9156
9157
9158
9159
9160
9161
9164
9165
9166
9167
9168
9170
9171
9173
9174
9175
9177
9179
9180
9181
9182
9184
9185
9186
9187
9188
9189
9190
9191
9192
9193
9194
9195
9196
9197
9198
9199
9200
9201
9202
9203
9204
9205
9206
9211
9212
9213
9214
9215
9216
9217
9218
9219
9222
9224
9225
9227
9228
9229
9230
9231
9235
9236
9239
9240
9242
9243
9244
9245
9246
9247
9248
9249
9251
9252
9254
9255
9256
9259
9262
9263
9264
9266
9268
9270
9271
9272
9275
9276
9277
9278
9281
9282
9285
9286
9287
9288
9289
9292
9293
9296
9297
9299
9300
9301
9302
9305
9306
9307
9308
9309
9310
9311
9313
9314
9315
9316
9317
9319
9322
9324
9325
9327
9328
9329
9330
9331
9333
9334
9335
9336
9338
9340
9341
9342
9343
9344
9345
9346
9347
9348
9349
9350
9352
9353
9354
9355
9356
9357
9358
9359
9360
9361
9362
9364
9365
9367
9369
9370
9372
9374
9375
9376
9377
9378
9381
9382
9386
9387
9389
9390
9391
9392
9393
9396
9397
9399
9401
9402
9403
9404
9405
9406
9407
9408
9411
9412
9413
9416
9417
9418
9420
9421
9422
9423
9424
9426
9429
9430
9433
9435
9436
9437
9438
9439
9440
9441
9443
9444
9445
9448
9450
9451
9453
9454
9455
9456
9457
9460
9461
9463
9464
9466
9467
9468
9470
9472
9473
9474
9475
9476
9477
9478
9480
9481
9482
9484
9485
9486
9487
9488
9489
9491
9492
9493
9495
9497
9500
9501
9502
9506
9507
9508
9509
9510
9511
9513
9514
9515
9517
9518
9519
9521
9522
9524
9525
9526
9527
9529
9530
9531
9532
9533
9534
9536
9538
9539
9540
9541
9543
9544
9545
9546
9547
9548
9549
9552
9553
9555
9556
9559
9560
9562
9563
9564
9566
9567
9569
9571
9576
9577
9578
9579
9581
9582
9584
9585
9586
9587
9588
9589
9590
9591
9592
9594
9595
9596
9597
9598
9600
9601
9602
9603
9604
9605
9606
9607
9609
9611
9612
9615
9616
9617
9618
9620
9621
9622
9623
9624
9626
9627
9628
9629
9630
9631
9632
9635
9636
9638
9639
9640
9641
9643
9644
9645
9649
9650
9652
9653
9654
9657
9658
9660
9661
9662
9663
9664
9665
9666
9668
9669
9670
9671
9673
9674
9675
9676
9679
9680
9682
9683
9685
9686
9687
9688
9689
9692
9693
9694
9695
9696
9697
9699
9700
9702
9703
9704
9706
9707
9708
9709
9710
9711
9712
9713
9714
9715
9716
9717
9718
9719
9720
9721
9723
9725
9726
9727
9728
9729
9730
9731
9733
9734
9735
9736
9737
9741
9742
9743
9744
9745
9747
9748
9749
9750
9751
9752
9753
9754
9755
9756
9758
9760
9762
9763
9765
9766
9769
9771
9773
9774
9775
9776
9777
9778
9779
9780
9782
9783
9784
9789
9790
9791
9792
9794
9795
9796
9797
9798
9799
9802
9803
9807
9808
9809
9810
9813
9814
9815
9816
9817
9818
9819
9821
9822
9823
9824
9825
9826
9828
9830
9831
9832
9833
9834
9836
9837
9838
9839
9840
9841
9842
9843
9845
9846
9847
9848
9849
9850
9851
9853
9855
9856
9858
9859
9860
9861
9862
9863
9864
9865
9866
9868
9869
9872
9873
9874
9876
9877
9878
9879
9880
9881
9882
9884
9885
9887
9888
9889
9890
9891
9893
9895
9896
9897
9898
9899
9900
9903
9904
9905
9906
9907
9908
9909
9910
9911
9912
9914
9916
9917
9918
9919
9920
9921
9922
9923
9925
9926
9927
9930
9931
9932
9933
9934
9935
9936
9937
9938
9939
9940
9941
9942
9943
9944
9945
9946
9948
9949
9951
9952
9953
9954
9955
9958
9959
9961
9962
9963
9964
9965
9966
9967
9969
9970
9971
9973
9974
9975
9976
9979
9981
9983
9984
9985
9986
9987
9988
9989
9990
9992
9993
9995
9996
9999
10000
