"x"
226
266
286
300
338
364
413
513
521
615
653
676
697
699
738
745
766
805
813
856
857
904
975
1007
1016
1042
1150
1160
1322
1323
1336
1411
1458
1545
1558
1587
1610
1670
1701
1718
1733
1782
1787
1790
1816
1832
1852
1885
1906
1915
2000
2029
2057
2099
2110
2124
2146
2148
2252
2270
2355
2369
2419
2518
2575
2576
2590
2592
2660
2698
2786
2797
2816
2860
2876
2945
2978
3010
3011
3012
3013
3034
3099
3104
3122
3142
3179
3217
3271
3359
3412
3420
3440
3448
3536
3543
3593
3596
3615
3638
3713
3737
3753
3800
3808
3814
3855
3858
3920
3923
3949
3976
3986
3995
4008
4101
4159
4236
4249
4291
4321
4393
4395
4441
4453
4486
4513
4563
4570
4595
4605
4611
4653
4664
4722
4744
4753
4824
4825
4836
4856
4869
4878
4894
4999
5011
5060
5065
5075
5080
5085
5253
5267
5280
5352
5366
5388
5394
5408
5429
5434
5445
5464
5555
5559
5573
5629
5634
5654
5704
5706
5761
5774
5960
6010
6083
6125
6174
6185
6276
6284
6390
6417
6485
6501
6535
6642
6659
6667
6689
6752
6757
6782
6811
6830
6841
6941
6981
6982
7043
7084
7098
7134
7189
7191
7204
7207
7286
7312
7315
7348
7387
7390
7482
7530
7573
7587
7627
7668
7707
7810
7925
7964
7968
8152
8250
8289
8292
8303
8361
8368
8384
8463
8525
8646
8685
8800
8936
9006
9015
9093
9105
9210
9257
9260
9283
9284
9320
9479
9646
9691
9892
9994
9998
