"x"
153
190
204
225
297
298
401
443
464
470
529
579
652
786
795
830
882
988
1098
1283
1290
1466
1715
1808
2020
2039
2063
2095
2159
2188
2220
2250
2326
2363
2370
2378
2382
2397
2519
2556
2580
2643
2652
2657
2675
2696
2864
2942
2951
2959
2973
3031
3045
3048
3069
3107
3130
3190
3209
3240
3259
3314
3449
3524
3720
3729
3825
3856
3866
3985
4007
4053
4056
4120
4181
4362
4443
4534
4645
4706
4748
4771
4800
4831
4882
4928
4962
4967
4978
4986
4988
5021
5023
5101
5117
5137
5170
5195
5266
5294
5324
5416
5441
5620
5658
5668
5687
5700
5968
6126
6133
6303
6438
6481
6629
6767
6881
6917
6966
7039
7072
7270
7310
7616
7699
7766
7903
8142
8188
8371
8453
8766
8937
9032
9082
9415
9528
9535
9960
9978
