"x"
103
149
170
195
299
318
363
372
393
452
535
592
610
656
687
732
749
751
773
788
797
798
814
824
842
867
891
907
929
952
979
1029
1058
1077
1088
1126
1131
1177
1265
1385
1403
1414
1472
1476
1510
1547
1580
1623
1639
1667
1763
1778
1804
1898
1931
1994
2081
2122
2126
2138
2139
2156
2175
2217
2231
2246
2296
2303
2312
2415
2452
2499
2511
2512
2540
2555
2557
2611
2683
2736
2739
2763
2773
2787
2794
2827
2879
2896
2927
2950
3005
3027
3120
3150
3174
3340
3358
3676
3682
3744
4076
4125
4129
4221
4436
4641
4735
4758
4767
4868
4893
4943
5029
5033
5043
5095
5096
5107
5164
5235
5275
5361
5369
5382
5563
5626
5636
5650
5945
5949
6012
6074
6094
6196
6233
6251
6298
6343
6382
6431
6436
6507
6514
6550
6579
6669
6728
6847
6975
7015
7070
7136
7142
7143
7158
7212
7233
7321
7391
7574
7656
7755
7781
7869
7888
7900
7975
8046
8240
8270
8698
8825
8944
9069
9136
9149
9208
9432
9701
9757
