"x"
139
143
150
160
167
178
191
199
208
213
216
233
247
269
272
282
285
315
321
331
335
336
347
362
365
373
390
394
412
416
423
424
432
448
457
469
476
512
516
524
528
541
545
570
574
594
602
603
612
620
625
636
646
648
659
660
669
675
681
689
706
710
712
715
716
726
730
739
743
757
761
772
790
802
806
810
820
828
833
840
847
851
858
876
878
903
911
915
927
930
933
934
939
940
942
943
950
953
958
959
985
998
1000
1006
1011
1013
1015
1021
1022
1026
1030
1041
1044
1045
1047
1066
1094
1100
1101
1104
1106
1109
1112
1113
1114
1118
1130
1134
1136
1144
1152
1154
1156
1157
1159
1162
1164
1166
1174
1189
1196
1202
1205
1206
1207
1212
1216
1217
1224
1227
1230
1234
1238
1243
1245
1247
1253
1255
1258
1259
1268
1269
1280
1301
1319
1330
1331
1333
1334
1335
1339
1362
1363
1372
1377
1390
1401
1407
1408
1409
1430
1438
1440
1442
1445
1447
1454
1456
1488
1490
1493
1497
1500
1502
1507
1508
1509
1512
1515
1517
1524
1527
1528
1541
1542
1549
1553
1561
1563
1569
1571
1572
1576
1579
1600
1601
1617
1618
1626
1630
1632
1633
1634
1637
1640
1646
1647
1648
1659
1662
1663
1665
1673
1680
1689
1692
1700
1706
1723
1724
1735
1741
1744
1750
1752
1754
1755
1760
1770
1786
1792
1812
1817
1819
1821
1823
1827
1836
1840
1846
1851
1855
1858
1866
1868
1875
1880
1881
1882
1884
1891
1897
1899
1901
1905
1907
1921
1929
1930
1941
1947
1948
1954
1957
1961
1963
1966
1967
1980
1984
1991
1996
2008
2019
2035
2037
2044
2045
2048
2053
2054
2055
2065
2068
2070
2084
2086
2088
2091
2092
2096
2101
2109
2115
2135
2136
2143
2154
2169
2170
2174
2181
2187
2189
2199
2200
2202
2215
2222
2230
2238
2239
2243
2245
2254
2255
2263
2268
2271
2275
2288
2300
2311
2321
2322
2328
2332
2335
2338
2347
2359
2364
2372
2373
2380
2387
2402
2406
2408
2424
2427
2429
2435
2444
2448
2455
2458
2481
2486
2498
2509
2510
2516
2521
2524
2525
2529
2546
2548
2549
2554
2563
2564
2573
2581
2583
2585
2587
2589
2606
2608
2610
2613
2614
2623
2633
2637
2646
2650
2651
2661
2669
2673
2674
2684
2692
2706
2709
2710
2716
2723
2724
2733
2743
2745
2759
2779
2780
2790
2795
2804
2807
2812
2835
2837
2840
2841
2855
2861
2863
2865
2867
2872
2885
2888
2890
2891
2892
2902
2913
2919
2922
2930
2956
2967
2972
2979
2985
2992
3001
3002
3004
3016
3024
3055
3094
3111
3118
3127
3138
3146
3151
3152
3171
3208
3224
3226
3234
3245
3247
3252
3255
3265
3268
3274
3276
3287
3289
3291
3293
3297
3302
3313
3315
3331
3344
3346
3367
3368
3374
3378
3387
3389
3391
3395
3396
3402
3405
3418
3426
3433
3437
3447
3460
3464
3468
3485
3500
3502
3515
3518
3523
3528
3540
3559
3586
3588
3592
3594
3599
3622
3631
3636
3642
3643
3644
3652
3667
3690
3706
3716
3733
3735
3742
3743
3754
3755
3779
3785
3792
3797
3798
3802
3806
3809
3827
3828
3833
3842
3846
3850
3854
3857
3860
3865
3886
3903
3904
3910
3925
3926
3929
3930
3938
3939
3941
3955
3957
3966
3968
3987
3993
3998
3999
4000
4003
4010
4011
4017
4026
4032
4040
4042
4047
4064
4071
4082
4085
4089
4095
4096
4097
4105
4114
4130
4138
4148
4158
4163
4165
4179
4182
4183
4186
4187
4189
4211
4224
4246
4248
4253
4269
4270
4271
4280
4282
4287
4289
4303
4310
4313
4314
4315
4317
4319
4325
4331
4341
4355
4361
4365
4371
4396
4397
4399
4400
4401
4404
4406
4409
4426
4429
4430
4434
4449
4473
4474
4476
4478
4492
4495
4501
4511
4533
4535
4540
4546
4547
4548
4553
4597
4599
4602
4617
4619
4620
4632
4633
4646
4647
4648
4662
4665
4667
4669
4676
4682
4687
4690
4691
4692
4693
4700
4704
4709
4730
4732
4734
4739
4741
4766
4774
4776
4779
4780
4791
4792
4805
4816
4839
4875
4876
4886
4895
4916
4927
4935
4947
4950
4954
4960
4974
4980
4985
4987
5001
5008
5031
5037
5053
5056
5059
5069
5082
5088
5104
5111
5125
5126
5128
5131
5155
5159
5162
5166
5169
5175
5179
5186
5189
5190
5192
5201
5202
5211
5217
5222
5225
5226
5231
5233
5237
5245
5256
5258
5259
5264
5289
5291
5302
5306
5313
5328
5330
5332
5333
5338
5342
5343
5345
5349
5353
5379
5381
5407
5415
5455
5457
5477
5485
5486
5488
5493
5495
5497
5518
5525
5539
5548
5556
5560
5564
5567
5569
5577
5578
5581
5586
5587
5595
5599
5601
5607
5609
5612
5621
5623
5625
5627
5628
5635
5646
5648
5653
5664
5666
5671
5675
5685
5691
5692
5694
5698
5717
5729
5733
5739
5747
5749
5751
5752
5754
5766
5773
5780
5788
5801
5808
5813
5815
5818
5826
5827
5829
5853
5863
5869
5882
5900
5901
5906
5908
5916
5923
5925
5936
5946
5947
5950
5959
5963
5982
5985
5989
5996
6003
6009
6013
6017
6023
6047
6058
6064
6065
6066
6071
6076
6091
6102
6105
6110
6115
6116
6119
6121
6129
6135
6140
6144
6149
6154
6176
6189
6190
6200
6201
6203
6205
6207
6212
6213
6220
6227
6234
6250
6252
6255
6261
6269
6274
6278
6281
6288
6291
6296
6297
6318
6320
6322
6335
6338
6352
6362
6365
6367
6373
6377
6391
6396
6398
6401
6403
6412
6415
6442
6453
6456
6466
6469
6482
6489
6499
6521
6534
6544
6547
6548
6564
6596
6600
6605
6610
6616
6618
6620
6625
6628
6640
6645
6656
6661
6662
6670
6673
6676
6687
6694
6696
6698
6699
6709
6717
6720
6721
6743
6765
6771
6781
6820
6836
6848
6854
6874
6886
6899
6902
6903
6904
6915
6918
6919
6925
6930
6951
6955
6956
6971
6972
6998
6999
7003
7005
7014
7022
7030
7034
7035
7037
7065
7067
7102
7115
7119
7126
7133
7166
7184
7213
7217
7222
7231
7234
7249
7264
7273
7276
7277
7289
7298
7301
7309
7319
7331
7343
7344
7346
7347
7351
7362
7376
7398
7399
7405
7435
7457
7458
7462
7472
7477
7480
7492
7499
7514
7522
7526
7527
7528
7529
7532
7535
7541
7542
7558
7570
7576
7585
7590
7608
7611
7622
7629
7633
7639
7641
7646
7649
7663
7683
7713
7716
7723
7724
7733
7762
7763
7777
7789
7801
7803
7809
7812
7821
7825
7837
7881
7905
7912
7920
7924
7940
7941
7950
7982
7990
8006
8007
8011
8019
8039
8062
8075
8076
8079
8103
8122
8130
8133
8153
8156
8158
8162
8174
8181
8187
8201
8209
8237
8253
8257
8282
8290
8294
8300
8314
8316
8321
8345
8364
8378
8393
8401
8402
8436
8442
8448
8456
8458
8461
8471
8486
8503
8540
8556
8577
8584
8588
8593
8598
8605
8614
8623
8624
8631
8651
8667
8670
8679
8689
8702
8729
8744
8759
8761
8763
8779
8785
8793
8797
8814
8820
8828
8848
8862
8865
8869
8877
8888
8892
8901
8902
8906
8917
8920
8926
8932
8941
8949
8982
8983
8988
9009
9013
9040
9042
9045
9058
9066
9081
9087
9095
9097
9106
9113
9132
9162
9176
9178
9183
9207
9209
9220
9223
9232
9250
9253
9258
9261
9265
9269
9280
9290
9291
9294
9295
9298
9304
9312
9323
9326
9339
9351
9363
9366
9368
9371
9383
9398
9419
9425
9427
9431
9434
9447
9449
9458
9469
9471
9483
9494
9496
9505
9516
9554
9557
9565
9574
9583
9634
9667
9672
9698
9732
9739
9772
9785
9788
9800
9801
9806
9812
9844
9852
9854
9870
9871
9875
9883
9886
9901
9913
9924
9929
9957
9980
9997
