"x"
260
420
430
573
837
863
1129
1393
1578
1590
1643
1799
1935
1970
2005
2204
2210
2309
2310
2400
2422
2447
2472
2485
2527
2565
2582
2596
2629
2653
2654
2726
2756
2903
3155
3183
3250
3266
3462
3470
3764
3771
3794
3869
3870
4122
4126
4132
4230
4344
4398
4416
4427
4487
4488
4514
4679
4680
4720
4733
4788
4891
5005
5142
5160
5181
5209
5215
5326
5327
5367
5433
5444
5460
5478
5505
5696
5740
5858
5919
5962
6353
6369
6399
6523
6530
6567
6734
6770
6786
6823
6916
7002
7019
7116
7144
7203
7252
7329
7423
7572
7817
7972
7973
8189
8322
8407
8515
8558
8673
8786
8903
9090
9114
9380
9385
9394
9465
9503
9820
9857
