"x"
355
1096
1302
1467
1798
2011
2265
2317
2340
2394
2523
2603
2607
2670
2713
2766
2911
3035
3199
3393
3574
3598
3646
3849
3851
3918
3931
3952
3969
4024
4232
4333
4376
4435
4445
4631
4655
4874
4924
4948
4984
5070
5152
5199
5320
5325
5430
5454
5534
5544
5591
5674
5735
5894
5926
5956
5964
6077
6242
6262
6330
6349
6395
6437
6532
6613
6637
6644
6674
6762
6784
6888
6912
6914
7032
7078
7121
7193
7225
7241
7246
7261
7370
7561
7583
7614
7620
7648
7764
7798
7883
7946
7949
8025
8115
8131
8136
8148
8154
8229
8235
8238
8293
8323
8455
8505
8662
9279
9318
9395
9410
9499
9504
9512
9537
9542
9572
9619
9655
9746
9804
9928
9956
9968
