"x"
194
202
360
735
970
991
1002
1495
1653
1748
2046
2205
2237
2282
2314
2396
2454
2504
2536
2609
2658
2720
2771
2774
2848
2873
2965
2982
3023
3037
3129
3192
3304
3341
3456
3457
3465
3525
3702
3708
3787
3838
3844
3965
4016
4050
4288
4339
4471
4530
4622
4636
4826
4833
4879
4905
4929
5058
5251
5354
5409
5514
5551
5562
5608
5822
5834
5924
5981
6043
6182
6258
6313
6333
6459
6475
6706
6779
6840
6851
6983
7048
7083
7089
7122
7336
7426
7515
7544
7674
8104
8132
8383
8479
8490
8630
8682
8749
8856
9100
9221
9409
9647
9651
9738
