"x"
601
673
898
1107
1329
1352
1384
1449
1531
1538
1697
1939
2049
2104
2203
2298
2480
2517
2544
2701
2722
2777
2829
2831
3114
3205
3577
3666
3711
3739
3767
3880
3890
3893
4030
4417
4447
4524
4531
4539
4696
4729
4747
4808
4822
4942
5014
5123
5261
5347
5374
5383
5413
5424
5669
5682
5709
5804
5987
6056
6099
6210
6388
6529
6575
6576
6577
6607
6703
6710
6763
7096
7113
7151
7291
7316
7328
7469
7621
7666
7701
7791
7806
7823
7827
7859
7875
7890
7922
7932
8177
8236
8390
8477
8504
8690
8873
8915
8957
9002
9037
9233
9241
9498
9593
9614
9656
9678
9770
9786
9793
9827
