"x"
261
415
427
463
490
548
586
614
756
792
822
938
1023
1024
1146
1204
1241
1368
1397
1469
1506
1564
1625
1677
1803
1841
1893
1927
1945
1962
1986
2006
2306
2558
2624
2682
2708
2844
2974
3197
3260
3299
3626
3674
3684
3818
3832
3864
3885
3913
3962
4036
4192
4295
4308
4456
4483
4576
4852
4861
4889
4946
5003
5068
5106
5146
5204
5241
5420
5438
5468
5593
5639
5697
5755
5797
5862
5895
6015
6018
6218
6230
6340
6342
6404
6423
6435
6457
6634
6739
6760
6805
6901
7000
7087
7132
7137
7147
7280
7372
7386
7421
7430
7516
7594
7720
7729
7988
8045
8330
8343
8480
8601
8699
9126
9373
9599
9608
9690
9811
9867
