"x"
58
87
171
366
377
395
411
624
633
640
901
971
973
1028
1069
1400
1503
1540
1628
1650
1660
1776
1887
1965
2076
2121
2228
2253
2502
2537
2619
2630
2639
2750
2761
2808
2828
2832
2912
3018
3059
3141
3193
3427
3441
3467
3488
3576
3627
3637
3678
3693
3719
3774
3781
3816
3872
3875
4043
4084
4102
4117
4124
4162
4177
4180
4195
4214
4256
4261
4275
4322
4326
4369
4374
4379
4412
4497
4509
4515
4577
4589
4593
4596
4616
4635
4649
4650
4815
4855
4903
4937
4944
4945
5045
5057
5114
5124
5127
5177
5308
5329
5335
5350
5431
5442
5446
5459
5470
5533
5583
5677
5688
5756
5758
5768
5814
5821
5837
5855
5877
5889
5917
5953
5978
6000
6027
6042
6054
6081
6108
6127
6141
6151
6152
6168
6177
6184
6192
6199
6214
6219
6223
6267
6268
6285
6319
6331
6339
6358
6446
6461
6467
6505
6519
6543
6580
6587
6592
6622
6633
6654
6675
6693
6724
6738
6759
6769
6795
6796
6832
6842
6897
6939
6950
7009
7013
7023
7038
7069
7095
7109
7110
7160
7179
7180
7185
7266
7300
7313
7330
7338
7355
7356
7367
7380
7396
7402
7406
7412
7424
7432
7440
7463
7466
7486
7495
7498
7507
7523
7534
7549
7563
7567
7569
7578
7631
7636
7709
7718
7772
7780
7804
7811
7815
7819
7820
7826
7847
7880
7935
7979
7992
8027
8041
8063
8068
8071
8082
8091
8095
8112
8116
8125
8134
8145
8166
8173
8185
8204
8214
8222
8242
8245
8254
8315
8325
8333
8337
8339
8342
8356
8366
8367
8376
8406
8417
8454
8519
8564
8591
8618
8634
8659
8668
8704
8708
8718
8720
8748
8792
8822
8843
8846
8850
8853
8866
8872
8875
8895
8943
8967
8971
9020
9051
9110
9129
9140
9147
9169
9172
9226
9237
9238
9267
9273
9274
9303
9321
9332
9337
9379
9384
9400
9414
9442
9446
9452
9459
9462
9490
9520
9523
9550
9551
9558
9561
9568
9570
9575
9610
9613
9625
9633
9637
9648
9677
9684
9705
9740
9761
9767
9768
9781
9787
9805
9829
9835
9894
9902
9915
9947
9950
9972
9977
9991
